21533.3
20908
20529.9
20002.7
20943.4
20023.6
19081.3
17781.4
16991.3
14178.7
13947
14525.6
13044.3
12161.5
12420.3
12662.6
11844.9
11020.9
11406.9
10676.7
11068.9
11338.9
11834.1
12352.7
11396.1
10711.5
10298.7
9618.27
10119.4
11728.6
11749.9
10623.7
11470.1
11160.5
10566.7
11270.9
11121.1
10852.4
11148.3
10987.2
11265.5
11810.9
10001
11261.6
10013.7
10223.8
10212.9
11154.5
11058.6
9724.34
10877.6
9679.87
10438.8
10329.5
9511.82
9869.61
10624.4
10358.1
9973.61
10579.3
9815.09
10575.3
10152
10337.1
10069.7
9555.39
10952.7
10083.5
9511.85
9844.05
9886.5
10317.6
9721.19
10684.8
10050.8
8694.06
9701.98
10728.4
10024.5
10397.6
8902.82
9806.79
9715.59
11007.6
9828.6
9204.45
10494.2
9828.6
10447.5
9595.4
9219.66
9904.81
9883.42
10167.9
9984.74
8907.68
11101.9
10287.8
10767.4
9074.89
9997.87
10707.5
9408
10831.9
8984.41
10365.8
9565.57
10190.6
9633.07
10142.5
10485.5
10145.5
9983.45
10062.7
10036.1
8771.23
9970.08
10339.4
10469.4
9281.47
9480.59
9144.22
9026.72
11029.7
9109.45
9185.97
10352
10276
10742.9
9500.08
9434.21
9955.7
9695.45
9540.85
10144.4
10159.4
9934.57
9804.78
8815.24
9552.33
9689.89
9410.42
9960.91
9210.67
9213.23
10199.9
10616.5
10506.8
11113.1
9807.46
9901.03
10298.6
10044.2
10390
10348.4
9662.53
10067.5
10521.4
9942.36
10024.9
10028.9
9408.9
9701.91
8839.67
9253.14
9402.45
9847.84
9177.29
9270.26
9772.93
8972.81
9699.85
9618.87
9847.56
9214.87
9213.44
9584.91
9204.64
9548.07
8980.93
10432.8
8780.66
9402.65
10354
9591.04
9707.12
9213.72
8566.78
10017
10014.4
10592.4
9438.48
10234.2
9252.62
9453.7
10153.3
10930.4
10048.4
10009.5
8344.22
9176.94
9589.84
10072
10881.8
10451.8
9113.71
10485.9
10070.4
9674.07
10300
9238.78
10134.1
10432.3
9043.25
11024.6
9762.06
10181.7
10484.9
9250.83
11437.2
10431.1
9674.1
9443.2
10131.8
9165.92
8996.87
9963.62
10478.6
10264.8
9513.43
9835.51
9940.75
10217.8
10420.9
11208.2
10693.6
9721.52
10415.2
10755.4
10779.2
9672.38
9803.68
10336
9919.57
10428.9
10343.4
8683.34
9292.02
10117.2
8413.9
9348.25
8918.88
9124.68
9941.85
10069.5
9565.36
10250.4
9343.42
9686.31
9449.95
9257.36
10118.9
9650.55
9591.14
10276.3
10368
8929.64
10480.5
10456.9
10332.3
10239.7
11030.9
9636.68
11147.7
9380.48
10841.8
11610.2
9848.33
9726.7
9836.58
10879.6
9360.76
9008.08
10337
9269.99
9586.09
9531.33
9670.63
10159.4
9293.34
10240.2
9528.53
9420.89
10388
10046.7
9380.4
10705.1
10177.2
10764
9493.39
8534.77
9172.51
9095.74
10358.6
10430.1
9137.33
9924.74
9488.25
10722.7
9253.06
10520.3
10243.4
9538.54
9865.09
9981.41
9648.12
9369.32
9825.86
11302.5
9830.47
10497.2
8848.2
9602.06
9986.8
9230.31
9203.55
10201.3
9808.84
9680.12
9408.15
9406.84
8232.55
9791.7
8802.22
9608.93
10403
9144.93
9367.87
10394.5
9237.59
9721.85
9802.75
10069.7
9561.4
9880.96
9111.14
9975.36
9336.02
10108.3
10045.6
10223.7
8984.05
9976.44
8395.39
8926.03
9288.92
9157.09
9467.71
9327.5
9818.82
9753.94
9885.88
9711.1
9771.08
10192.1
10596.2
10287
9303.7
9521.4
9715.77
8567.86
10168.6
9895.62
9099.56
9544.13
9786.72
10758.7
9183.94
9686.7
8747.11
9559.58
9497.57
9274.58
9548.58
9523.42
10204.2
9604.46
10468.1
10228.3
9658.52
9779.84
9989.14
9280.92
10079.5
9785.81
10980.5
9644.7
9688.5
9984.7
9700.43
9186.58
9380.48
9441.46
9307.53
9202.62
9197.64
9274.29
8444.79
10059.8
9370.31
9313.41
9661.12
10160.9
9878.39
9633.96
9707.92
9784.89
9759.78
8687.79
10000
9546.92
10238.7
10236.9
10752.1
11604
11145.8
10686
9895.56
9060.32
10549.5
10458.3
9241.57
9415.85
9046.02
9121.17
10202.4
8978.07
9430.64
10272.1
10849
10892.1
10211.8
10123.5
10165.5
9820.88
10676.2
9390.92
9337.17
10517.9
10066.1
10911.2
10688.6
10614.8
10595.4
10326
8369.73
8623.11
10303.4
10144
9465.4
9567.45
10187.6
9830.86
9076.04
10902.6
10643.8
9891.82
10241.5
8861.05
9866.66
9217.83
9336.68
8963.54
9801.65
8630.83
8979.71
8968.94
10859.7
9283.08
8844.96
9420.65
8762.73
7795.79
9728.54
10036
10417.3
10777.9
9371.13
9480.52
9826.48
9777.54
9928.62
8624.45
9903.02
8946.65
9389.82
9194.22
9020.35
10318.1
9082.4
8502.9
10076.4
9810.21
9325.53
9789.88
9425.45
8629.21
9491.05
10192.8
9260.49
10273.6
8882.98
8858.09
9373.34
9856.81
10082.8
9395.28
10737.1
10298.4
9839.24
10205.4
11208.6
11211.5
10904.3
10345
9762.19
10012.9
9930.48
10577.2
9431.58
9299.02
9114.41
9893.98
10152.5
9608.25
9278.68
9391.99
10178.5
10060.3
9778.21
10246.3
9887.19
9350.53
9320.78
10559.3
9875.99
7974.82
10471.5
9958.04
9584.41
9982.63
9923.63
9643.13
9886.55
9910.94
9593.2
9281.62
10056.8
9598.09
9295.7
9307.51
9005.29
8096.36
9186.05
9493.09
10037.4
9325.98
9704.88
10752.3
9250.73
9563.98
10242.5
9447.33
10959.7
9574.54
8118.67
9670.1
9094.34
10291.4
9587.26
9984.93
10115.8
9703.26
9182.63
9310.78
9394.73
9421.76
10035.6
9844.54
10017.4
10064.6
10400.1
9222.75
9937.09
9269.75
9889.04
9257.82
9450.99
8753.95
9549.33
9965.05
9161.96
9825.54
9830.91
9528.41
10345.9
10000.2
10189.8
9351.96
9527.72
10345.8
10090.7
10690.7
9011.12
10293.3
8860.51
9272.84
10339.4
10392.1
8908.1
10037.9
9936.95
10518.1
8957.62
9674.51
10470.7
8862.33
9967.03
9547.79
9678.01
9414.77
10935.7
10177.1
9257.97
9597.46
11018
10579.3
10588.4
10406.9
10278.2
9705.23
11801
9642.54
9511.66
9965.39
10041.7
10843.6
9733.71
9680.27
10206.8
9826.95
10086.6
9769.2
9966.92
9885.88
9657.89
9669.61
9808.9
8791.95
10159.1
10176.5
10645.3
9500.59
10415
10188.6
10517.2
10015.4
9194.83
8969.98
9963.3
10454.6
9252.55
9997.85
9511
9833.31
9530.68
9112.33
9939.92
9495.79
10053.7
10447.9
10086
10377.8
10824.9
9498.48
9169.23
9997.59
10064
9723.66
9387.06
8992.69
8862.39
10119
10138.3
9855.81
9776.52
10542
10646.2
9787.03
10625
9814.95
7953.31
9452.69
8997.24
9050.98
9282.47
7941.75
10057.9
9617.98
9683.78
8133.35
9080.27
9392.07
8269.96
8721.67
9130.11
9663.82
10008.6
10119.3
9594.39
9834.67
10388.5
8637.77
9961.59
9935.57
9951.29
9439.19
9039.87
10362.8
9804.81
9798.72
8160.01
9086.22
9180.28
9040
9861.89
9223.08
8296.53
9197.11
7788.08
10021
9653.35
8654.96
9618.37
9691.92
9285.91
9922.8
9749.67
9939.63
9915.71
11298.1
9742.46
9215.65
9728.08
9380.9
9555.97
9108.26
9823.38
9655.91
8386.31
9190.48
9030.2
8556.95
9434.28
9315.34
8947.83
10556
9223.16
9147.77
10037.2
10487.4
9610.48
9183.49
10009.2
9931.24
8902.78
9979.94
9296.19
10953.7
9584.35
9437.24
8823.69
9479.77
9149.56
10834.4
9543.72
10033.4
9341.88
9741.75
10175.9
9568.54
9303.86
9527.18
9344.13
9394.27
9729.73
8884.65
8668.63
9996.18
10813.5
9500.9
8758.46
9765.4
8393.96
9738.1
9591.66
9448.66
10020.1
9168.44
9481.43
8371.12
9369.84
9012.48
9963.61
9610.73
9298.83
9498.49
9830.01
9471.38
8841.27
9103.79
10230.5
9257.19
9566.01
9752.65
9242.77
9616.85
9921.46
10207.8
10282.4
10393.6
10037.3
9306.4
8558.68
8577.8
8999.47
9680.8
9697.96
9568.18
9820.55
9539.54
10260.3
9183.83
8564.99
9124.26
10245.9
8896.36
10513
9465.97
10166.1
9429.6
8968.14
9305.51
9393.55
9243.05
9595.38
9579.47
8806.32
9351.02
9022.86
9283.79
9219.03
8704.16
8933.95
9141.2
9248.67
8937.93
8390.03
9012.13
9279.56
9140.58
9575.26
8428.19
8301.16
9732.99
9274.46
9973.45
9177.94
8301.16
9419.36
9372.85
9414.84
10316.9
9573.22
9997.94
10615.3
9819.55
9748.23
9848.88
9712.2
9701.89
10247.9
9658.58
9911.04
8926.67
9163.76
9887.37
9878.94
9897.85
9642.44
9031.19
9504.22
9105.68
9542.93
9237.15
9485.14
10568.3
10565.8
10512.7
9256.22
10007.8
9494.64
11085.7
9096.95
10063.8
9312.81
8905.57
10091.1
10599.2
9982.3
8782.45
9822.16
9218.41
8980.6
10065.3
10034.3
10143.9
8744.52
9689.78
10079.2
9810.08
9774.79
8995.8
9703.29
8686.19
9918.06
9393.43
10121.7
10441.6
10369.3
10466.7
10454.4
9321
9722.58
9141.72
10294.5
9471.36
9726.63
9718.09
10136.2
9623.45
8268.73
8502.77
9630.91
10190.4
10171.7
10050.4
10531.1
9704.09
10134.3
9419
9123.9
10114.9
8958.85
8741.72
9517.8
9709.67
8989.93
9800.89
9440.66
10096.5
10524.8
10676.9
9983.94
10664.3
10722.8
9411.91
9954.23
9264.33
9434.49
9667.89
9308.91
10133.1
10751.3
10605.4
9364.9
10458.3
9842.88
10094.2
9464.06
9973.41
10341.4
10413
10006.9
10020.3
9500.16
10531.1
10405.2
9354.45
10264.3
