37 541
612 494
38 353
53 131
143 631
689 468
112 529
141 504
661 445
98 384
697 180
536 287
192 20
282 229
240 281
246 322
649 62
352 666
633 534
488 437
141 228
17 240
397 231
565 282
475 468
322 550
397 74
672 432
571 530
104 482
356 67
400 253
282 426
58 507
189 460
659 226
639 467
415 233
547 161
616 339
494 148
629 433
471 314
138 137
91 110
390 423
565 429
54 438
334 153
531 612
475 385
228 410
578 321
358 404
486 593
343 509
530 137
498 576
224 312
595 81
661 217
43 305
79 445
210 130
432 629
623 69
436 282
59 40
630 230
579 601
117 112
297 166
22 455
259 10
342 599
10 488
315 273
220 270
192 314
271 225
530 504
42 656
396 539
118 508
395 699
559 560
22 526
135 325
141 485
396 460
87 19
350 420
216 466
130 351
72 645
144 457
212 594
49 541
656 558
176 648
500 198
634 612
59 551
15 143
283 376
146 39
101 635
588 580
457 350
537 472
269 367
239 102
88 384
658 583
97 157
506 233
500 64
594 275
66 24
598 414
172 344
299 251
303 21
197 512
56 243
255 448
608 222
70 77
398 119
635 133
378 272
484 677
278 299
381 360
557 595
249 76
562 670
398 392
590 370
558 0
461 530
354 685
193 669
352 140
308 115
299 530
334 152
690 134
48 270
91 166